3.099100000000000000e+04
3.099000000000000000e+04
3.098900000000000000e+04
3.098900000000000000e+04
3.098700000000000000e+04
3.098600000000000000e+04
3.098400000000000000e+04
3.098300000000000000e+04
3.098300000000000000e+04
3.098200000000000000e+04
3.098100000000000000e+04
3.098100000000000000e+04
3.098000000000000000e+04
3.098000000000000000e+04
3.097800000000000000e+04
3.097900000000000000e+04
3.097700000000000000e+04
3.097700000000000000e+04
3.097800000000000000e+04
3.097800000000000000e+04
3.097900000000000000e+04
3.097700000000000000e+04
3.097900000000000000e+04
3.097700000000000000e+04
3.097800000000000000e+04
3.097700000000000000e+04
3.097500000000000000e+04
3.097600000000000000e+04
3.097500000000000000e+04
3.097400000000000000e+04
3.097400000000000000e+04
3.097700000000000000e+04
3.097400000000000000e+04
3.097300000000000000e+04
3.097400000000000000e+04
3.097400000000000000e+04
3.097200000000000000e+04
3.097200000000000000e+04
3.097200000000000000e+04
3.097200000000000000e+04
3.097100000000000000e+04
3.097000000000000000e+04
3.097100000000000000e+04
3.097000000000000000e+04
3.096900000000000000e+04
3.097000000000000000e+04
3.096800000000000000e+04
3.096800000000000000e+04
3.096800000000000000e+04
3.096800000000000000e+04
3.096700000000000000e+04
3.096800000000000000e+04
3.096700000000000000e+04
3.096700000000000000e+04
3.096500000000000000e+04
3.096400000000000000e+04
3.096300000000000000e+04
3.096300000000000000e+04
3.096200000000000000e+04
3.096100000000000000e+04
3.096100000000000000e+04
3.096100000000000000e+04
3.096100000000000000e+04
3.096100000000000000e+04
3.096300000000000000e+04
3.096600000000000000e+04
3.096800000000000000e+04
3.097200000000000000e+04
3.097700000000000000e+04
3.098500000000000000e+04
3.099600000000000000e+04
3.100600000000000000e+04
3.101500000000000000e+04
3.102500000000000000e+04
3.103300000000000000e+04
3.104100000000000000e+04
3.104900000000000000e+04
3.105700000000000000e+04
3.106400000000000000e+04
3.106900000000000000e+04
3.107400000000000000e+04
3.107800000000000000e+04
3.108000000000000000e+04
3.108400000000000000e+04
3.108400000000000000e+04
3.108500000000000000e+04
3.108400000000000000e+04
3.108300000000000000e+04
3.108100000000000000e+04
3.107800000000000000e+04
3.107500000000000000e+04
3.107300000000000000e+04
3.106900000000000000e+04
3.106400000000000000e+04
3.106100000000000000e+04
3.105600000000000000e+04
3.105200000000000000e+04
3.105000000000000000e+04
3.104800000000000000e+04
3.104400000000000000e+04
3.104100000000000000e+04
3.104000000000000000e+04
3.103600000000000000e+04
3.103500000000000000e+04
3.103400000000000000e+04
3.103200000000000000e+04
3.102900000000000000e+04
3.102800000000000000e+04
3.102400000000000000e+04
3.102400000000000000e+04
3.102000000000000000e+04
3.101700000000000000e+04
3.101600000000000000e+04
3.101200000000000000e+04
3.100900000000000000e+04
3.100800000000000000e+04
3.100500000000000000e+04
3.100300000000000000e+04
3.100000000000000000e+04
3.100100000000000000e+04
3.099900000000000000e+04
3.100000000000000000e+04
3.099800000000000000e+04
3.099700000000000000e+04
3.099700000000000000e+04
3.100000000000000000e+04
3.100000000000000000e+04
3.100100000000000000e+04
3.100200000000000000e+04
3.100200000000000000e+04
3.100300000000000000e+04
3.100300000000000000e+04
3.100400000000000000e+04
3.100600000000000000e+04
3.100500000000000000e+04
3.100600000000000000e+04
3.100600000000000000e+04
3.100700000000000000e+04
3.100800000000000000e+04
3.100800000000000000e+04
3.100800000000000000e+04
3.101000000000000000e+04
3.100900000000000000e+04
3.101000000000000000e+04
3.100500000000000000e+04
3.100600000000000000e+04
3.100700000000000000e+04
3.100700000000000000e+04
3.100400000000000000e+04
3.100300000000000000e+04
3.100200000000000000e+04
3.100200000000000000e+04
3.100000000000000000e+04
3.099800000000000000e+04
3.099700000000000000e+04
3.099500000000000000e+04
3.099500000000000000e+04
3.099300000000000000e+04
3.099300000000000000e+04
3.099100000000000000e+04
3.099100000000000000e+04
3.098900000000000000e+04
3.099000000000000000e+04
3.098600000000000000e+04
3.098800000000000000e+04
3.098600000000000000e+04
3.098600000000000000e+04
3.098500000000000000e+04
3.098400000000000000e+04
3.098300000000000000e+04
3.098300000000000000e+04
3.098200000000000000e+04
3.098100000000000000e+04
3.097900000000000000e+04
3.098000000000000000e+04
3.097700000000000000e+04
3.097700000000000000e+04
3.097600000000000000e+04
3.097500000000000000e+04
3.097600000000000000e+04
3.097400000000000000e+04
3.097300000000000000e+04
3.097400000000000000e+04
3.097300000000000000e+04
3.097200000000000000e+04
3.097400000000000000e+04
3.097200000000000000e+04
3.097100000000000000e+04
3.097100000000000000e+04
3.097000000000000000e+04
3.097000000000000000e+04
3.096800000000000000e+04
3.096800000000000000e+04
3.096600000000000000e+04
3.096600000000000000e+04
3.096700000000000000e+04
3.096600000000000000e+04
3.096700000000000000e+04
3.096500000000000000e+04
3.096600000000000000e+04
3.096600000000000000e+04
3.096700000000000000e+04
3.096600000000000000e+04
3.096500000000000000e+04
3.096400000000000000e+04
3.096600000000000000e+04
3.096400000000000000e+04
3.096500000000000000e+04
3.096500000000000000e+04
3.096500000000000000e+04
3.096600000000000000e+04
3.096600000000000000e+04
3.096500000000000000e+04
3.096400000000000000e+04
3.096500000000000000e+04
3.096400000000000000e+04
3.096300000000000000e+04
3.096300000000000000e+04
3.096500000000000000e+04
3.096300000000000000e+04
3.096300000000000000e+04
3.096300000000000000e+04
3.096200000000000000e+04
3.096300000000000000e+04
3.096300000000000000e+04
3.096200000000000000e+04
3.096200000000000000e+04
3.096200000000000000e+04
3.096200000000000000e+04
3.096000000000000000e+04
3.096000000000000000e+04
3.095900000000000000e+04
3.095800000000000000e+04
3.095700000000000000e+04
3.095600000000000000e+04
3.095400000000000000e+04
3.095600000000000000e+04
3.095400000000000000e+04
3.095400000000000000e+04
3.095500000000000000e+04
3.095700000000000000e+04
3.095800000000000000e+04
3.096200000000000000e+04
3.096500000000000000e+04
3.097200000000000000e+04
3.097900000000000000e+04
3.099100000000000000e+04
3.100200000000000000e+04
3.101300000000000000e+04
3.102400000000000000e+04
3.103300000000000000e+04
3.104100000000000000e+04
3.104900000000000000e+04
3.105800000000000000e+04
3.106400000000000000e+04
3.107000000000000000e+04
3.107600000000000000e+04
3.108000000000000000e+04
3.108300000000000000e+04
3.108600000000000000e+04
3.108700000000000000e+04
3.108600000000000000e+04
3.108600000000000000e+04
3.108300000000000000e+04
3.108300000000000000e+04
3.108100000000000000e+04
3.107600000000000000e+04
3.107400000000000000e+04
3.107100000000000000e+04
3.106500000000000000e+04
3.106400000000000000e+04
3.105900000000000000e+04
3.105500000000000000e+04
3.105400000000000000e+04
3.105000000000000000e+04
3.104700000000000000e+04
3.104400000000000000e+04
3.104400000000000000e+04
3.104200000000000000e+04
3.104100000000000000e+04
3.103800000000000000e+04
3.103600000000000000e+04
3.103500000000000000e+04
3.103400000000000000e+04
3.103300000000000000e+04
3.103000000000000000e+04
3.102800000000000000e+04
3.102700000000000000e+04
3.102300000000000000e+04
3.102100000000000000e+04
3.101900000000000000e+04
3.101700000000000000e+04
3.101400000000000000e+04
3.101100000000000000e+04
3.100800000000000000e+04
3.100800000000000000e+04
3.100700000000000000e+04
3.100600000000000000e+04
3.100500000000000000e+04
3.100700000000000000e+04
3.100600000000000000e+04
3.100600000000000000e+04
3.100500000000000000e+04
3.100600000000000000e+04
3.100600000000000000e+04
3.100700000000000000e+04
3.100600000000000000e+04
3.100700000000000000e+04
3.100700000000000000e+04
3.100800000000000000e+04
3.100800000000000000e+04
3.100900000000000000e+04
3.101000000000000000e+04
3.100900000000000000e+04
3.100900000000000000e+04
3.101000000000000000e+04
3.101100000000000000e+04
3.101000000000000000e+04
3.101100000000000000e+04
3.101100000000000000e+04
3.100900000000000000e+04
3.101000000000000000e+04
3.100800000000000000e+04
3.100700000000000000e+04
3.100600000000000000e+04
3.100600000000000000e+04
3.100500000000000000e+04
3.100400000000000000e+04
3.100200000000000000e+04
3.100100000000000000e+04
3.099900000000000000e+04
3.099800000000000000e+04
3.099500000000000000e+04
3.099500000000000000e+04
3.099300000000000000e+04
3.099100000000000000e+04
3.099100000000000000e+04
3.099000000000000000e+04
3.098800000000000000e+04
3.098800000000000000e+04
3.098500000000000000e+04
3.098300000000000000e+04
3.098400000000000000e+04
3.098100000000000000e+04
3.098000000000000000e+04
3.098100000000000000e+04
3.098000000000000000e+04
3.097800000000000000e+04
3.097700000000000000e+04
3.097800000000000000e+04
3.097600000000000000e+04
3.097500000000000000e+04
3.097500000000000000e+04
3.097500000000000000e+04
3.097400000000000000e+04
3.097300000000000000e+04
3.097200000000000000e+04
3.097200000000000000e+04
3.097100000000000000e+04
3.097100000000000000e+04
3.097000000000000000e+04
3.097000000000000000e+04
3.096900000000000000e+04
3.096900000000000000e+04
3.096800000000000000e+04
3.096900000000000000e+04
3.096800000000000000e+04
3.096600000000000000e+04
3.096600000000000000e+04
3.096600000000000000e+04
3.096700000000000000e+04
3.096600000000000000e+04
3.096600000000000000e+04
3.096500000000000000e+04
3.096500000000000000e+04
3.096400000000000000e+04
3.096300000000000000e+04
3.096500000000000000e+04
3.096400000000000000e+04
3.096200000000000000e+04
3.096300000000000000e+04
3.096100000000000000e+04
3.096200000000000000e+04
3.096100000000000000e+04
3.096100000000000000e+04
3.096300000000000000e+04
3.096200000000000000e+04
3.096200000000000000e+04
3.096300000000000000e+04
3.096200000000000000e+04
3.096100000000000000e+04
3.096100000000000000e+04
3.096100000000000000e+04
3.096000000000000000e+04
3.096000000000000000e+04
3.096100000000000000e+04
3.096100000000000000e+04
3.095900000000000000e+04
3.096000000000000000e+04
3.096000000000000000e+04
3.095900000000000000e+04
3.095900000000000000e+04
3.096000000000000000e+04
3.095900000000000000e+04
3.095700000000000000e+04
3.095800000000000000e+04
3.095700000000000000e+04
3.095900000000000000e+04
3.095600000000000000e+04
3.095700000000000000e+04
3.095600000000000000e+04
3.095500000000000000e+04
3.095500000000000000e+04
3.095300000000000000e+04
3.095300000000000000e+04
3.095400000000000000e+04
3.095200000000000000e+04
3.095400000000000000e+04
3.095600000000000000e+04
3.095800000000000000e+04
3.096100000000000000e+04
3.096600000000000000e+04
3.097300000000000000e+04
3.098200000000000000e+04
3.099100000000000000e+04
3.100200000000000000e+04
3.101100000000000000e+04
3.102200000000000000e+04
3.103200000000000000e+04
3.104000000000000000e+04
3.104700000000000000e+04
3.105600000000000000e+04
3.106200000000000000e+04
3.106800000000000000e+04
3.107200000000000000e+04
3.107700000000000000e+04
3.108000000000000000e+04
3.108200000000000000e+04
3.108200000000000000e+04
3.108100000000000000e+04
3.107900000000000000e+04
3.107700000000000000e+04
3.107500000000000000e+04
3.107400000000000000e+04
3.107100000000000000e+04
3.106600000000000000e+04
3.106300000000000000e+04
3.106100000000000000e+04
3.105800000000000000e+04
3.105400000000000000e+04
3.105000000000000000e+04
3.104700000000000000e+04
3.104500000000000000e+04
3.104200000000000000e+04
3.104100000000000000e+04
3.103900000000000000e+04
3.103700000000000000e+04
3.103500000000000000e+04
3.103300000000000000e+04
3.103100000000000000e+04
3.103000000000000000e+04
3.102800000000000000e+04
3.102500000000000000e+04
3.102400000000000000e+04
3.102200000000000000e+04
3.102000000000000000e+04
3.101700000000000000e+04
3.101500000000000000e+04
3.101400000000000000e+04
3.101000000000000000e+04
3.100700000000000000e+04
3.100800000000000000e+04
3.100500000000000000e+04
3.100500000000000000e+04
3.100400000000000000e+04
3.100200000000000000e+04
3.100200000000000000e+04
3.100200000000000000e+04
3.100300000000000000e+04
3.100300000000000000e+04
3.100400000000000000e+04
3.100300000000000000e+04
3.100400000000000000e+04
3.100600000000000000e+04
3.100700000000000000e+04
3.100700000000000000e+04
3.100800000000000000e+04
3.100800000000000000e+04
3.101000000000000000e+04
3.100900000000000000e+04
3.101000000000000000e+04
3.101000000000000000e+04
3.101300000000000000e+04
3.101300000000000000e+04
3.101300000000000000e+04
3.101300000000000000e+04
3.101200000000000000e+04
3.101200000000000000e+04
3.101100000000000000e+04
3.101000000000000000e+04
3.100900000000000000e+04
3.100900000000000000e+04
3.100800000000000000e+04
3.100500000000000000e+04
3.100300000000000000e+04
3.100500000000000000e+04
3.100100000000000000e+04
3.100000000000000000e+04
3.099900000000000000e+04
3.099700000000000000e+04
3.099500000000000000e+04
3.099400000000000000e+04
3.099300000000000000e+04
3.099300000000000000e+04
3.099000000000000000e+04
3.099000000000000000e+04
3.098800000000000000e+04
3.098600000000000000e+04
3.098600000000000000e+04
3.098500000000000000e+04
3.098500000000000000e+04
3.098300000000000000e+04
3.098100000000000000e+04
3.098100000000000000e+04
3.098000000000000000e+04
3.097800000000000000e+04
3.097800000000000000e+04
3.097600000000000000e+04
3.097600000000000000e+04
3.097300000000000000e+04
3.097300000000000000e+04
3.097400000000000000e+04
3.097200000000000000e+04
3.097100000000000000e+04
3.097200000000000000e+04
3.097100000000000000e+04
3.096900000000000000e+04
3.096900000000000000e+04
3.096900000000000000e+04
3.096900000000000000e+04
3.096700000000000000e+04
3.096700000000000000e+04
3.096800000000000000e+04
3.096600000000000000e+04
3.096600000000000000e+04
3.096700000000000000e+04
3.096700000000000000e+04
3.096800000000000000e+04
3.096600000000000000e+04
3.096600000000000000e+04
3.096600000000000000e+04
3.096500000000000000e+04
3.096600000000000000e+04
3.096400000000000000e+04
3.096400000000000000e+04
3.096400000000000000e+04
3.096300000000000000e+04
3.096300000000000000e+04
3.096200000000000000e+04
3.096100000000000000e+04
3.096200000000000000e+04
3.096100000000000000e+04
3.096200000000000000e+04
3.096300000000000000e+04
3.096000000000000000e+04
3.096100000000000000e+04
3.096100000000000000e+04
3.096100000000000000e+04
3.096100000000000000e+04
3.096000000000000000e+04
3.096000000000000000e+04
3.096100000000000000e+04
3.095900000000000000e+04
3.096100000000000000e+04
3.096100000000000000e+04
3.096000000000000000e+04
3.096200000000000000e+04
3.096000000000000000e+04
3.096200000000000000e+04
3.096000000000000000e+04
3.096100000000000000e+04
3.095900000000000000e+04
3.095900000000000000e+04
3.095800000000000000e+04
3.095800000000000000e+04
3.095800000000000000e+04
3.095800000000000000e+04
3.095700000000000000e+04
3.095600000000000000e+04
3.095700000000000000e+04
3.095800000000000000e+04
3.095600000000000000e+04
3.095600000000000000e+04
3.095700000000000000e+04
3.095600000000000000e+04
3.095600000000000000e+04
3.095600000000000000e+04
3.095600000000000000e+04
3.095700000000000000e+04
3.095900000000000000e+04
3.096300000000000000e+04
3.096700000000000000e+04
3.097200000000000000e+04
3.098100000000000000e+04
3.099300000000000000e+04
3.100400000000000000e+04
3.101500000000000000e+04
3.102500000000000000e+04
3.103600000000000000e+04
3.104400000000000000e+04
3.105300000000000000e+04
3.106000000000000000e+04
3.106600000000000000e+04
3.107100000000000000e+04
3.107500000000000000e+04
3.107700000000000000e+04
3.107900000000000000e+04
3.108000000000000000e+04
3.108000000000000000e+04
3.107800000000000000e+04
3.107700000000000000e+04
3.107600000000000000e+04
3.107300000000000000e+04
3.106800000000000000e+04
3.106600000000000000e+04
3.106500000000000000e+04
3.106200000000000000e+04
3.106000000000000000e+04
3.105600000000000000e+04
3.105200000000000000e+04
3.104900000000000000e+04
3.104600000000000000e+04
3.104100000000000000e+04
3.104000000000000000e+04
3.103700000000000000e+04
3.103500000000000000e+04
3.103200000000000000e+04
3.102900000000000000e+04
3.102600000000000000e+04
3.102400000000000000e+04
3.102300000000000000e+04
3.102100000000000000e+04
3.101800000000000000e+04
3.101700000000000000e+04
3.101200000000000000e+04
3.101200000000000000e+04
3.100800000000000000e+04
3.100800000000000000e+04
3.100400000000000000e+04
3.100100000000000000e+04
3.100200000000000000e+04
3.099900000000000000e+04
3.099800000000000000e+04
3.099600000000000000e+04
3.099600000000000000e+04
3.099600000000000000e+04
3.099500000000000000e+04
3.099500000000000000e+04
3.099500000000000000e+04
3.099400000000000000e+04
3.099500000000000000e+04
3.099700000000000000e+04
3.099800000000000000e+04
3.099700000000000000e+04
3.099800000000000000e+04
3.100000000000000000e+04
3.100100000000000000e+04
3.100000000000000000e+04
3.100000000000000000e+04
3.100200000000000000e+04
3.100200000000000000e+04
3.100300000000000000e+04
3.100500000000000000e+04
3.100600000000000000e+04
3.100600000000000000e+04
3.100500000000000000e+04
3.100600000000000000e+04
3.100500000000000000e+04
3.100300000000000000e+04
3.100100000000000000e+04
3.100100000000000000e+04
3.099900000000000000e+04
3.099800000000000000e+04
3.099800000000000000e+04
3.099600000000000000e+04
3.099500000000000000e+04
3.099400000000000000e+04
3.099200000000000000e+04
3.099200000000000000e+04
3.099000000000000000e+04
3.098900000000000000e+04
3.098800000000000000e+04
3.098700000000000000e+04
3.098600000000000000e+04
3.098600000000000000e+04
3.098500000000000000e+04
3.098400000000000000e+04
3.098400000000000000e+04
3.098300000000000000e+04
3.098100000000000000e+04
3.098000000000000000e+04
3.097900000000000000e+04
3.097800000000000000e+04
3.097700000000000000e+04
3.097600000000000000e+04
3.097700000000000000e+04
3.097600000000000000e+04
3.097400000000000000e+04
3.097400000000000000e+04
3.097400000000000000e+04
3.097400000000000000e+04
3.097200000000000000e+04
3.097300000000000000e+04
3.097300000000000000e+04
3.097200000000000000e+04
3.097100000000000000e+04
3.097100000000000000e+04
3.097000000000000000e+04
3.097100000000000000e+04
3.096900000000000000e+04
3.096700000000000000e+04
3.096800000000000000e+04
3.096600000000000000e+04
3.096800000000000000e+04
3.096700000000000000e+04
3.096500000000000000e+04
3.096600000000000000e+04
3.096700000000000000e+04
3.096700000000000000e+04
3.096500000000000000e+04
3.096600000000000000e+04
3.096500000000000000e+04
3.096500000000000000e+04
3.096400000000000000e+04
3.096400000000000000e+04
3.096200000000000000e+04
3.096400000000000000e+04
3.096300000000000000e+04
3.096400000000000000e+04
3.096200000000000000e+04
3.096400000000000000e+04
3.096100000000000000e+04
3.096300000000000000e+04
3.096300000000000000e+04
3.096300000000000000e+04
3.096200000000000000e+04
3.096400000000000000e+04
3.096300000000000000e+04
3.096200000000000000e+04
3.096300000000000000e+04
3.096300000000000000e+04
3.096200000000000000e+04
3.096100000000000000e+04
3.096100000000000000e+04
3.096000000000000000e+04
3.096000000000000000e+04
3.096000000000000000e+04
3.096000000000000000e+04
3.096000000000000000e+04
3.095900000000000000e+04
3.095800000000000000e+04
3.095800000000000000e+04
3.095900000000000000e+04
3.095800000000000000e+04
3.095800000000000000e+04
3.095900000000000000e+04
3.095900000000000000e+04
3.096000000000000000e+04
3.096200000000000000e+04
3.096500000000000000e+04
3.097000000000000000e+04
3.097600000000000000e+04
3.098400000000000000e+04
3.099200000000000000e+04
3.100400000000000000e+04
3.101500000000000000e+04
3.102300000000000000e+04
3.103200000000000000e+04
3.104200000000000000e+04
3.105100000000000000e+04
3.105600000000000000e+04
3.106400000000000000e+04
3.107100000000000000e+04
3.107600000000000000e+04
3.107900000000000000e+04
3.108200000000000000e+04
3.108500000000000000e+04
3.108300000000000000e+04
3.108300000000000000e+04
3.108100000000000000e+04
3.107800000000000000e+04
3.107600000000000000e+04
3.107100000000000000e+04
3.106800000000000000e+04
3.106300000000000000e+04
3.106100000000000000e+04
3.105700000000000000e+04
3.105300000000000000e+04
3.104900000000000000e+04
3.104800000000000000e+04
3.104400000000000000e+04
3.104300000000000000e+04
3.104100000000000000e+04
3.103900000000000000e+04
3.103600000000000000e+04
3.103500000000000000e+04
3.103300000000000000e+04
3.103000000000000000e+04
3.102800000000000000e+04
3.102600000000000000e+04
3.102200000000000000e+04
3.102100000000000000e+04
3.101700000000000000e+04
3.101500000000000000e+04
3.101300000000000000e+04
3.101100000000000000e+04
3.100800000000000000e+04
3.100600000000000000e+04
3.100400000000000000e+04
3.100100000000000000e+04
3.100000000000000000e+04
3.100000000000000000e+04
3.099800000000000000e+04
3.099800000000000000e+04
3.099800000000000000e+04
3.099800000000000000e+04
3.099800000000000000e+04
3.099700000000000000e+04
3.099600000000000000e+04
3.099700000000000000e+04
3.099800000000000000e+04
3.099900000000000000e+04
3.100000000000000000e+04
3.100200000000000000e+04
3.100300000000000000e+04
3.100500000000000000e+04
3.100800000000000000e+04
3.100900000000000000e+04
3.101100000000000000e+04
3.101100000000000000e+04
3.101200000000000000e+04
3.101300000000000000e+04
3.101500000000000000e+04
3.101600000000000000e+04
3.101700000000000000e+04
3.101800000000000000e+04
3.102000000000000000e+04
3.102100000000000000e+04
3.102200000000000000e+04
3.102400000000000000e+04
3.102400000000000000e+04
3.102500000000000000e+04
3.102300000000000000e+04
3.102300000000000000e+04
3.102300000000000000e+04
3.102200000000000000e+04
3.102100000000000000e+04
3.102200000000000000e+04
3.102000000000000000e+04
3.101800000000000000e+04
3.101800000000000000e+04
3.101700000000000000e+04
3.101700000000000000e+04
3.101500000000000000e+04
3.101300000000000000e+04
3.101200000000000000e+04
3.101200000000000000e+04
3.101100000000000000e+04
3.100800000000000000e+04
3.100700000000000000e+04
3.100800000000000000e+04
3.100700000000000000e+04
3.100700000000000000e+04
3.100400000000000000e+04
3.100300000000000000e+04
3.100300000000000000e+04
3.100200000000000000e+04
3.100100000000000000e+04
3.100000000000000000e+04
3.099800000000000000e+04
3.099800000000000000e+04
3.099700000000000000e+04
3.099600000000000000e+04
3.099400000000000000e+04
3.099100000000000000e+04
3.099000000000000000e+04
3.099000000000000000e+04
3.098800000000000000e+04
3.098800000000000000e+04
3.098800000000000000e+04
3.098700000000000000e+04
3.098600000000000000e+04
3.098600000000000000e+04
3.098400000000000000e+04
3.098500000000000000e+04
3.098300000000000000e+04
3.098300000000000000e+04
3.098200000000000000e+04
3.098200000000000000e+04
3.098200000000000000e+04
3.098100000000000000e+04
3.098100000000000000e+04
3.098200000000000000e+04
3.098100000000000000e+04
3.098000000000000000e+04
3.098000000000000000e+04
3.098000000000000000e+04
3.097900000000000000e+04
3.097800000000000000e+04
3.097800000000000000e+04
3.097800000000000000e+04
3.097800000000000000e+04
3.097800000000000000e+04
3.097800000000000000e+04
3.097600000000000000e+04
3.097900000000000000e+04
3.097700000000000000e+04
3.097600000000000000e+04
3.097600000000000000e+04
3.097600000000000000e+04
3.097600000000000000e+04
3.097700000000000000e+04
3.097600000000000000e+04
3.097600000000000000e+04
3.097700000000000000e+04
3.097600000000000000e+04
3.097500000000000000e+04
3.097500000000000000e+04
3.097500000000000000e+04
3.097500000000000000e+04
3.097500000000000000e+04
3.097600000000000000e+04
3.097500000000000000e+04
3.097200000000000000e+04
3.097200000000000000e+04
3.097100000000000000e+04
3.097200000000000000e+04
3.097200000000000000e+04
3.097100000000000000e+04
3.097100000000000000e+04
3.097100000000000000e+04
3.097200000000000000e+04
3.097300000000000000e+04
3.097400000000000000e+04
3.097800000000000000e+04
3.098600000000000000e+04
3.099300000000000000e+04
3.100400000000000000e+04
3.101300000000000000e+04
3.102200000000000000e+04
3.103300000000000000e+04
3.104200000000000000e+04
3.105100000000000000e+04
3.105900000000000000e+04
3.106800000000000000e+04
3.107500000000000000e+04
3.108200000000000000e+04
3.108700000000000000e+04
3.109200000000000000e+04
3.109400000000000000e+04
3.109600000000000000e+04
3.109700000000000000e+04
3.109800000000000000e+04
3.110000000000000000e+04
3.109900000000000000e+04
3.109900000000000000e+04
3.109800000000000000e+04
3.109500000000000000e+04
3.109200000000000000e+04
3.101700000000000000e+04
3.101800000000000000e+04
3.102000000000000000e+04
3.102100000000000000e+04
3.102100000000000000e+04
3.102200000000000000e+04
3.102200000000000000e+04
3.102100000000000000e+04
3.102100000000000000e+04
3.102000000000000000e+04
3.101900000000000000e+04
3.101900000000000000e+04
3.101800000000000000e+04
3.101800000000000000e+04
3.101800000000000000e+04
3.101800000000000000e+04
3.101700000000000000e+04
3.101700000000000000e+04
3.101700000000000000e+04
3.101500000000000000e+04
3.101500000000000000e+04
3.101500000000000000e+04
3.101200000000000000e+04
3.101100000000000000e+04
3.100800000000000000e+04
3.100600000000000000e+04
3.100600000000000000e+04
3.100300000000000000e+04
3.100400000000000000e+04
3.100200000000000000e+04
3.100100000000000000e+04
