20764
20769
20772
20772
20775
20780
20785
20791
20797
20803
20809
20815
20821
20810
20756
20711
20704
20717
20726
20731
20742
20743
20736
20732
20736
20746
20755
20766
20775
20780
20785
20786
20786
20790
20794
20801
20808
20815
20825
20821
20776
20728
20718
20730
20740
20748
20761
20763
20755
20749
20752
20761
20771
20782
20788
20793
20796
20797
20799
20800
20806
20815
20824
20830
20821
20766
20723
20716
20726
20734
20739
20747
20748
20738
20733
20736
20744
20753
20763
20768
20773
20775
20776
20779
20784
20788
20795
20802
20811
20816
20788
20725
20694
20696
20704
20707
20710
20716
20715
20708
20709
20716
20725
20733
20741
20747
20750
20751
20754
20757
20761
20767
20773
20779
20783
20789
20793
20771
20706
20665
20663
20672
20674
20675
20682
20683
20677
20676
20682
20687
20697
20706
20710
20716
20719
20722
20727
20733
20739
20744
20748
20753
20757
20763
20765
20739
20680
20653
20660
20667
20668
20671
20677
20674
20669
20669
20673
20677
20682
20689
20694
20699
20703
20707
20711
20717
20723
20730
20739
20744
20750
20754
20758
20739
20686
20650
20649
20655
20655
20656
20661
20657
20651
20651
20657
20666
20674
20683
20689
20691
20690
20690
20695
20699
20705
20711
20719
20726
20734
20736
20704
20656
20635
20639
20648
20654
20664
20669
20666
20659
20656
20660
20667
20674
20682
20687
20689
20688
20687
20695
20709
20713
20712
20713
20714
20689
20639
20615
20616
20622
20627
20635
20641
20635
20628
20629
20635
20644
20653
20661
20667
20672
20674
20676
20679
20684
20691
20696
20700
20677
20621
20584
20584
20596
20602
20607
20614
20610
20604
20602
20607
20615
20624
20633
20639
20644
20648
20651
20655
20660
20665
20673
20681
20674
20620
20569
20557
20567
20573
20575
20582
20582
20577
20574
20579
20588
20596
20605
20613
20619
20624
20628
20632
20637
20643
20651
20658
20665
20672
20661
20600
20551
20543
20552
20557
20557
20567
20570
20565
20563
20567
20575
20582
20591
20597
20603
20608
20610
20614
20619
20623
20630
20636
20642
20650
20656
20655
20608
20545
20524
20530
20538
20538
20542
20548
20543
20538
20539
20544
20552
20559
20565
20570
20574
20575
20574
20577
20583
20590
20600
20609
20617
20626
20635
20622
20559
20512
20508
20518
20525
20529
20538
20544
20538
20536
20537
20546
20555
20566
20574
20576
20581
20583
20587
20592
20600
20608
20615
20622
20631
20639
20619
20552
20509
20505
20515
20520
20525
20536
20532
20524
20523
20530
20539
20549
20558
20564
20568
20572
20576
20581
20586
20594
20601
20610
20620
20620
20576
20520
20501
20509
20519
20524
20533
20536
20527
20519
20522
20529
20537
20543
20550
20555
20558
20561
20565
20571
20579
20588
20598
20607
20589
20530
20493
20496
20508
20513
20522
20530
20524
20516
20515
20524
20532
20543
20553
20561
20564
20567
20570
20575
20581
20588
20596
20603
20595
20540
20492
20487
20499
20503
20507
20518
20517
20510
20512
20517
20526
20535
20545
20552
20558
20562
20566
20571
20575
20584
20591
20598
20606
20611
20573
20508
20486
20493
20498
20497
20504
20511
20504
20500
20504
20512
20522
20532
20541
20548
20554
20558
20564
20571
20579
20590
20601
20612
20626
20641
20645
20598
20537
20522
20532
20539
20540
20547
20556
20555
20553
20558
20568
20579