20309
20309
20307
20307
20309
20312
20314
20316
20315
20315
20317
20320
20322
20324
20320
20307
20284
20262
20248
20241
20240
20244
20249
20254
20261
20269
20277
20283
20287
20290
20292
20293
20291
20291
20291
20291
20291
20292
20295
20298
20299
20300
20303
20307
20309
20310
20309
20309
20307
20309
20311
20311
20309
20308
20308
20309
20312
20313
20313
20315
20316
20314
20312
20314
20318
20319
20317
20316
20316
20318
20318
20321
20322
20314
20297
20278
20263
20258
20257
20262
20268
20274
20276
20279
20283
20290
20295
20297
20297
20294
20291
20291
20290
20291
20294
20295
20298
20304
20307
20311
20315
20318
20319
20321
20321
20321
20318
20315
20316
20319
20321
20322
20322
20324
20323
20322
20324
20327
20329
20330
20330
20332
20329
20325
20312
20294
20279
20270
20269
20272
20279
20287
20292
20295
20302
20309
20314
20315
20312
20310
20306
20304
20304
20308
20312
20313
20312
20314
20319
20323
20325
20325
20324
20327
20327
20328
20328
20326
20324
20325
20328
20330
20332
20334
20337
20337
20335
20334
20334
20334
20335
20337
20337
20337
20339
20341
20344
20342
20332
20315
20297
20285
20280
20283
20289
20295
20301
20303
20306
20310
20315
20318
20317
20316
20314
20314
20314
20316
20320
20322
20321
20321
20323
20326
20330
20333
20335
20335
20333
20332
20332
20334
20334
20335
20335
20336
20335
20334
20335
20336
20338
20340
20340
20340
20339
20339
20341
20342
20341
20342
20345
20347
20346
20339
20325
20309
20294
20287
20285
20289
20297
20303
20309
20315
20321
20326
20329
20330
20328
20326
20326
20327
20328
20328
20327
20329
20333
20335
20336
20337
20339
20340
20340
20341
20341
20339
20339
20338
20339
20340
20341
20341
20340
20336
20336
20337
20338
20338
20339
20339
20340
20342
20343
20345
20347
20345
20337
20323
20306
20294
20285
20284
20287
20294
20300
20303
20307
20312
20317
20322
20323
20321
20318
20315
20314
20316
20319
20322
20325
20329
20332
20334
20336
20337
20338
20341
20342
20341
20342
20341
20342
20341
20342
20343
20346
20348
20347
20346
20346
20349
20350
20353
20354
20354
20354
20353
20355
20356
20357
20357
20356
20354
20349
20340
20327
20316
20309
20309
20315
20320
20322
20324
20330
20334
20336
20340
20340
20337
20332
20330
20328
20330
20329
20332
20334
20337
20340
20340
20341
20345
20347
20347
20345
20346
20346
20344
20344
20347
20349
20351
20350
20348
20348
20346
20344
20345
20341
20325
20301
20281
20273
20275
20280
20287
20292
20299
20306
20312
20319
20322
20322
20321
20319
20319
20317
20318
20320
20321
20322
20323
20326
20329
20330
20331
20330
20329
20329
20328
20327
20328
20329
20331
20331
20332
20334
20334
20335
20338
20339
20341
20343
20344
20344
20343
20345
20346
20346
20349
20352
20351
20343
20329
20308
20289
20282
20281
20284
20288
20292
20299
20305
20313
20318
20322
20322
20318
20316
20315
20315
20317
20318
20320
20322
20325
20326
20327
20328
20331
20333
20333
20333
20333
20335
20338
20340
20339
20339
20339
20339
20340
20337
20339
20341
20344
20344
20343
20343
20343
20345
20347
20348
20349
20343
20331
20313
20298
20287
20283
20285
20289
20297
20299
20303
20312
20319
20323
20323
20323
20322
20322
20320
20320
20323
20326
20327
20327
20329
20331
20333
20334
20334
20335
20336
20338
20337
20337
20338
20339
20340
20342
20344
20345
20345
20346
20347
20349
20349
20349
20349
20351
20352
20353
20353
20355
20353
20351
20345
20336
20321
20307
20299
20296
20298
20304
20310
20313
20318
20320
20322
20323
20322
20324
20323
20323
20323
20324
20326
20328
20329
20333
20336
20336
20339
20343
20346
20347
20346
20344
20345
20346
20347
20348
20348
20349
20348
20349
20349
20348
20348
20347
20349
20350
20349
20350
20349
20349
20349
20350
20352
20354
20352
20344
20335
20320
20309
20307
20308
20313
20316
20321
20325
20330
20336
20340
20342
20342
20340
20338
20338
20338
20339
20339
20339
20341
20342
20344
20347
20349
20349
20349
20351
20351
20351
20353
20351
20350
20351
20350
20350
20351
20353
20353
20352
20353
20353
20354
20355
20356
20358
20360
20361
20362
20359
20353
20344
20338
20331
20327
20327
20327
20329
20332
20337
20341
20345
20347
20347
20345
20342
20342
20341
20340
20340
20342
20342
20342
20344
20347
20348
20349
20351
20352
20354
20354
20354
20354
20354
20355
20356
20356
20356
20356
20356
20356
20357
20357
20358
20360
20362
20363
20364
20364
20362
20357
20348
20341
20334
20332
20331
20331
20333
20336
20339
20340
20343
20344
20346
20346
20345
20345
20343
20343
20342
20343
20347
20349
20350
20352
20353
20353
20355
20358
20359
20359
20360
20359
20357
20358
20359
20359
20360
20361
20362
20362
20361
20357
20357
20359
20361
20361
20360
20359
20359
20360
20359
20353
20343
20335
20328
20326
20329
20331
20334
20337
20342
20345
20347
20347
20346
20347
20348
20348
20347
20348
20348
20347
20347
20347
20345
20344
20344
20344
20343
20344
20347
20351
20353
20354
20355
20356
20356
20358
20359
20360
20361
20363
20364
20365
20367
20370
20370
20369
20372
20373
20374
20372
20368
20361
20353
20350
20350
20353
20355
20357
20360
20363
20366
20368
20371
20374
20374
20372
20371
20370
20368
20369
20371
20373
20375
20375
20375
20376
20373
20371
20370
20368
20366
20366
20366
20366
20365
20364
20360
20359
20361
20365
20370
20372
20372
20370
20368
20370
20375
20376
20371
20366
20363
20359
20357
20355
20356
20358
20358
20359
20361
20362
20360
20358
20355
20350
20346
20343
20339
20338
20335
20336